x <- c(87, 88, 101, 102, 107, 109)